100
6 2000201
6 7883508
6 9000001
6 1577795
0 1
2 568
6 0202021
3 3966
0 1
6 0200001
4 00201
5 500001
6 0000001
0 1
6 0000001
6 2080021
6 6450226
6 0001001
6 0000003
3 1111
6 0007001
3 2611
5 279764
1 31
6 0000004
2 001
3 1021
5 000001
4 00001
6 5000901
6 0000001
6 9460445
1 01
6 1222202
3 0701
4 00001
6 0400001
6 0000006
1 91
1 01
6 0000001
6 0000001
2 221
1 03
6 1202011
6 9090824
6 0000181
4 11111
6 4286554
4 36761
6 4000201
6 8000001
6 1330691
6 0074001
6 0110211
0 1
6 2043041
6 1112221
6 0163351
3 2768
6 3009001
5 111111
3 4001
1 77
6 1111111
6 2020506
6 3004001
6 2211121
0 1
4 00301
6 0012121
6 2538484
6 0040001
5 121121
4 03881
6 1202222
6 2560691
4 00001
1 09
6 9999999
4 55475
3 2101
6 7600201
5 601001
6 0000001
4 30201
5 110011
6 6800031
2 112
3 2678
1 01
4 01201
6 0000201
6 8151242
6 0900071
1 11
6 0020011
6 4010081
1 01
3 9021
